##matrix=axtChain 16 91,-114,-31,-123,-114,100,-125,-31,-31,-125,100,-114,-123,-31,-114,91
##gapPenalties=axtChain O=400 E=30
# lastz.v1.04.00 --output=./samples/Dper.fasta_Chr2.lz --format=axt 
#
# hsp_threshold      = 3000
# gapped_threshold   = 3000
# x_drop             = 910
# y_drop             = 9400
# gap_open_penalty   = 400
# gap_extend_penalty = 30
#        A    C    G    T
#   A   91 -114  -31 -123
#   C -114  100 -125  -31
#   G  -31 -125  100 -114
#   T -123  -31 -114   91
##matrix=axtChain 16 91,-114,-31,-123,-114,100,-125,-31,-31,-125,100,-114,-123,-31,-114,91
##gapPenalties=axtChain O=400 E=30
# lastz.v1.04.00 --output=./samples/Dper.fasta_Chr3.lz --format=axt 
#
# hsp_threshold      = 3000
# gapped_threshold   = 3000
# x_drop             = 910
# y_drop             = 9400
# gap_open_penalty   = 400
# gap_extend_penalty = 30
#        A    C    G    T
#   A   91 -114  -31 -123
#   C -114  100 -125  -31
#   G  -31 -125  100 -114
#   T -123  -31 -114   91
##matrix=axtChain 16 91,-114,-31,-123,-114,100,-125,-31,-31,-125,100,-114,-123,-31,-114,91
##gapPenalties=axtChain O=400 E=30
# lastz.v1.04.00 --output=./samples/Dper.fasta_Chr4.lz --format=axt 
#
# hsp_threshold      = 3000
# gapped_threshold   = 3000
# x_drop             = 910
# y_drop             = 9400
# gap_open_penalty   = 400
# gap_extend_penalty = 30
#        A    C    G    T
#   A   91 -114  -31 -123
#   C -114  100 -125  -31
#   G  -31 -125  100 -114
#   T -123  -31 -114   91
##matrix=axtChain 16 91,-114,-31,-123,-114,100,-125,-31,-31,-125,100,-114,-123,-31,-114,91
##gapPenalties=axtChain O=400 E=30
# lastz.v1.04.00 --output=./samples/Dper.fasta_Chr5.lz --format=axt 
#
# hsp_threshold      = 3000
# gapped_threshold   = 3000
# x_drop             = 910
# y_drop             = 9400
# gap_open_penalty   = 400
# gap_extend_penalty = 30
#        A    C    G    T
#   A   91 -114  -31 -123
#   C -114  100 -125  -31
#   G  -31 -125  100 -114
#   T -123  -31 -114   91
##matrix=axtChain 16 91,-114,-31,-123,-114,100,-125,-31,-31,-125,100,-114,-123,-31,-114,91
##gapPenalties=axtChain O=400 E=30
# lastz.v1.04.00 --output=./samples/Dper.fasta_tig00000002.lz --format=axt 
#
# hsp_threshold      = 3000
# gapped_threshold   = 3000
# x_drop             = 910
# y_drop             = 9400
# gap_open_penalty   = 400
# gap_extend_penalty = 30
#        A    C    G    T
#   A   91 -114  -31 -123
#   C -114  100 -125  -31
#   G  -31 -125  100 -114
#   T -123  -31 -114   91
##matrix=axtChain 16 91,-114,-31,-123,-114,100,-125,-31,-31,-125,100,-114,-123,-31,-114,91
##gapPenalties=axtChain O=400 E=30
# lastz.v1.04.00 --output=./samples/Dper.fasta_tig00000007.lz --format=axt 
#
# hsp_threshold      = 3000
# gapped_threshold   = 3000
# x_drop             = 910
# y_drop             = 9400
# gap_open_penalty   = 400
# gap_extend_penalty = 30
#        A    C    G    T
#   A   91 -114  -31 -123
#   C -114  100 -125  -31
#   G  -31 -125  100 -114
#   T -123  -31 -114   91
##matrix=axtChain 16 91,-114,-31,-123,-114,100,-125,-31,-31,-125,100,-114,-123,-31,-114,91
##gapPenalties=axtChain O=400 E=30
# lastz.v1.04.00 --output=./samples/Dper.fasta_tig00000018.lz --format=axt 
#
# hsp_threshold      = 3000
# gapped_threshold   = 3000
# x_drop             = 910
# y_drop             = 9400
# gap_open_penalty   = 400
# gap_extend_penalty = 30
#        A    C    G    T
#   A   91 -114  -31 -123
#   C -114  100 -125  -31
#   G  -31 -125  100 -114
#   T -123  -31 -114   91
##matrix=axtChain 16 91,-114,-31,-123,-114,100,-125,-31,-31,-125,100,-114,-123,-31,-114,91
##gapPenalties=axtChain O=400 E=30
# lastz.v1.04.00 --output=./samples/Dper.fasta_tig00000044.lz --format=axt 
#
# hsp_threshold      = 3000
# gapped_threshold   = 3000
# x_drop             = 910
# y_drop             = 9400
# gap_open_penalty   = 400
# gap_extend_penalty = 30
#        A    C    G    T
#   A   91 -114  -31 -123
#   C -114  100 -125  -31
#   G  -31 -125  100 -114
#   T -123  -31 -114   91
##matrix=axtChain 16 91,-114,-31,-123,-114,100,-125,-31,-31,-125,100,-114,-123,-31,-114,91
##gapPenalties=axtChain O=400 E=30
# lastz.v1.04.00 --output=./samples/Dper.fasta_tig00000050.lz --format=axt 
#
# hsp_threshold      = 3000
# gapped_threshold   = 3000
# x_drop             = 910
# y_drop             = 9400
# gap_open_penalty   = 400
# gap_extend_penalty = 30
#        A    C    G    T
#   A   91 -114  -31 -123
#   C -114  100 -125  -31
#   G  -31 -125  100 -114
#   T -123  -31 -114   91
##matrix=axtChain 16 91,-114,-31,-123,-114,100,-125,-31,-31,-125,100,-114,-123,-31,-114,91
##gapPenalties=axtChain O=400 E=30
# lastz.v1.04.00 --output=./samples/Dper.fasta_tig00000051.lz --format=axt 
#
# hsp_threshold      = 3000
# gapped_threshold   = 3000
# x_drop             = 910
# y_drop             = 9400
# gap_open_penalty   = 400
# gap_extend_penalty = 30
#        A    C    G    T
#   A   91 -114  -31 -123
#   C -114  100 -125  -31
#   G  -31 -125  100 -114
#   T -123  -31 -114   91
##matrix=axtChain 16 91,-114,-31,-123,-114,100,-125,-31,-31,-125,100,-114,-123,-31,-114,91
##gapPenalties=axtChain O=400 E=30
# lastz.v1.04.00 --output=./samples/Dper.fasta_tig00000052.lz --format=axt 
#
# hsp_threshold      = 3000
# gapped_threshold   = 3000
# x_drop             = 910
# y_drop             = 9400
# gap_open_penalty   = 400
# gap_extend_penalty = 30
#        A    C    G    T
#   A   91 -114  -31 -123
#   C -114  100 -125  -31
#   G  -31 -125  100 -114
#   T -123  -31 -114   91
##matrix=axtChain 16 91,-114,-31,-123,-114,100,-125,-31,-31,-125,100,-114,-123,-31,-114,91
##gapPenalties=axtChain O=400 E=30
# lastz.v1.04.00 --output=./samples/Dper.fasta_tig00000055.lz --format=axt 
#
# hsp_threshold      = 3000
# gapped_threshold   = 3000
# x_drop             = 910
# y_drop             = 9400
# gap_open_penalty   = 400
# gap_extend_penalty = 30
#        A    C    G    T
#   A   91 -114  -31 -123
#   C -114  100 -125  -31
#   G  -31 -125  100 -114
#   T -123  -31 -114   91
##matrix=axtChain 16 91,-114,-31,-123,-114,100,-125,-31,-31,-125,100,-114,-123,-31,-114,91
##gapPenalties=axtChain O=400 E=30
# lastz.v1.04.00 --output=./samples/Dper.fasta_tig00000057.lz --format=axt 
#
# hsp_threshold      = 3000
# gapped_threshold   = 3000
# x_drop             = 910
# y_drop             = 9400
# gap_open_penalty   = 400
# gap_extend_penalty = 30
#        A    C    G    T
#   A   91 -114  -31 -123
#   C -114  100 -125  -31
#   G  -31 -125  100 -114
#   T -123  -31 -114   91
##matrix=axtChain 16 91,-114,-31,-123,-114,100,-125,-31,-31,-125,100,-114,-123,-31,-114,91
##gapPenalties=axtChain O=400 E=30
# lastz.v1.04.00 --output=./samples/Dper.fasta_tig00000058.lz --format=axt 
#
# hsp_threshold      = 3000
# gapped_threshold   = 3000
# x_drop             = 910
# y_drop             = 9400
# gap_open_penalty   = 400
# gap_extend_penalty = 30
#        A    C    G    T
#   A   91 -114  -31 -123
#   C -114  100 -125  -31
#   G  -31 -125  100 -114
#   T -123  -31 -114   91
##matrix=axtChain 16 91,-114,-31,-123,-114,100,-125,-31,-31,-125,100,-114,-123,-31,-114,91
##gapPenalties=axtChain O=400 E=30
# lastz.v1.04.00 --output=./samples/Dper.fasta_tig00000064.lz --format=axt 
#
# hsp_threshold      = 3000
# gapped_threshold   = 3000
# x_drop             = 910
# y_drop             = 9400
# gap_open_penalty   = 400
# gap_extend_penalty = 30
#        A    C    G    T
#   A   91 -114  -31 -123
#   C -114  100 -125  -31
#   G  -31 -125  100 -114
#   T -123  -31 -114   91
##matrix=axtChain 16 91,-114,-31,-123,-114,100,-125,-31,-31,-125,100,-114,-123,-31,-114,91
##gapPenalties=axtChain O=400 E=30
# lastz.v1.04.00 --output=./samples/Dper.fasta_tig00000071.lz --format=axt 
#
# hsp_threshold      = 3000
# gapped_threshold   = 3000
# x_drop             = 910
# y_drop             = 9400
# gap_open_penalty   = 400
# gap_extend_penalty = 30
#        A    C    G    T
#   A   91 -114  -31 -123
#   C -114  100 -125  -31
#   G  -31 -125  100 -114
#   T -123  -31 -114   91
##matrix=axtChain 16 91,-114,-31,-123,-114,100,-125,-31,-31,-125,100,-114,-123,-31,-114,91
##gapPenalties=axtChain O=400 E=30
# lastz.v1.04.00 --output=./samples/Dper.fasta_tig00000072.lz --format=axt 
#
# hsp_threshold      = 3000
# gapped_threshold   = 3000
# x_drop             = 910
# y_drop             = 9400
# gap_open_penalty   = 400
# gap_extend_penalty = 30
#        A    C    G    T
#   A   91 -114  -31 -123
#   C -114  100 -125  -31
#   G  -31 -125  100 -114
#   T -123  -31 -114   91
##matrix=axtChain 16 91,-114,-31,-123,-114,100,-125,-31,-31,-125,100,-114,-123,-31,-114,91
##gapPenalties=axtChain O=400 E=30
# lastz.v1.04.00 --output=./samples/Dper.fasta_tig00000076.lz --format=axt 
#
# hsp_threshold      = 3000
# gapped_threshold   = 3000
# x_drop             = 910
# y_drop             = 9400
# gap_open_penalty   = 400
# gap_extend_penalty = 30
#        A    C    G    T
#   A   91 -114  -31 -123
#   C -114  100 -125  -31
#   G  -31 -125  100 -114
#   T -123  -31 -114   91
##matrix=axtChain 16 91,-114,-31,-123,-114,100,-125,-31,-31,-125,100,-114,-123,-31,-114,91
##gapPenalties=axtChain O=400 E=30
# lastz.v1.04.00 --output=./samples/Dper.fasta_tig00000077.lz --format=axt 
#
# hsp_threshold      = 3000
# gapped_threshold   = 3000
# x_drop             = 910
# y_drop             = 9400
# gap_open_penalty   = 400
# gap_extend_penalty = 30
#        A    C    G    T
#   A   91 -114  -31 -123
#   C -114  100 -125  -31
#   G  -31 -125  100 -114
#   T -123  -31 -114   91
##matrix=axtChain 16 91,-114,-31,-123,-114,100,-125,-31,-31,-125,100,-114,-123,-31,-114,91
##gapPenalties=axtChain O=400 E=30
# lastz.v1.04.00 --output=./samples/Dper.fasta_tig00000081.lz --format=axt 
#
# hsp_threshold      = 3000
# gapped_threshold   = 3000
# x_drop             = 910
# y_drop             = 9400
# gap_open_penalty   = 400
# gap_extend_penalty = 30
#        A    C    G    T
#   A   91 -114  -31 -123
#   C -114  100 -125  -31
#   G  -31 -125  100 -114
#   T -123  -31 -114   91
##matrix=axtChain 16 91,-114,-31,-123,-114,100,-125,-31,-31,-125,100,-114,-123,-31,-114,91
##gapPenalties=axtChain O=400 E=30
# lastz.v1.04.00 --output=./samples/Dper.fasta_tig00000085.lz --format=axt 
#
# hsp_threshold      = 3000
# gapped_threshold   = 3000
# x_drop             = 910
# y_drop             = 9400
# gap_open_penalty   = 400
# gap_extend_penalty = 30
#        A    C    G    T
#   A   91 -114  -31 -123
#   C -114  100 -125  -31
#   G  -31 -125  100 -114
#   T -123  -31 -114   91
##matrix=axtChain 16 91,-114,-31,-123,-114,100,-125,-31,-31,-125,100,-114,-123,-31,-114,91
##gapPenalties=axtChain O=400 E=30
# lastz.v1.04.00 --output=./samples/Dper.fasta_tig00000089.lz --format=axt 
#
# hsp_threshold      = 3000
# gapped_threshold   = 3000
# x_drop             = 910
# y_drop             = 9400
# gap_open_penalty   = 400
# gap_extend_penalty = 30
#        A    C    G    T
#   A   91 -114  -31 -123
#   C -114  100 -125  -31
#   G  -31 -125  100 -114
#   T -123  -31 -114   91
##matrix=axtChain 16 91,-114,-31,-123,-114,100,-125,-31,-31,-125,100,-114,-123,-31,-114,91
##gapPenalties=axtChain O=400 E=30
# lastz.v1.04.00 --output=./samples/Dper.fasta_tig00000090.lz --format=axt 
#
# hsp_threshold      = 3000
# gapped_threshold   = 3000
# x_drop             = 910
# y_drop             = 9400
# gap_open_penalty   = 400
# gap_extend_penalty = 30
#        A    C    G    T
#   A   91 -114  -31 -123
#   C -114  100 -125  -31
#   G  -31 -125  100 -114
#   T -123  -31 -114   91
##matrix=axtChain 16 91,-114,-31,-123,-114,100,-125,-31,-31,-125,100,-114,-123,-31,-114,91
##gapPenalties=axtChain O=400 E=30
# lastz.v1.04.00 --output=./samples/Dper.fasta_tig00000092.lz --format=axt 
#
# hsp_threshold      = 3000
# gapped_threshold   = 3000
# x_drop             = 910
# y_drop             = 9400
# gap_open_penalty   = 400
# gap_extend_penalty = 30
#        A    C    G    T
#   A   91 -114  -31 -123
#   C -114  100 -125  -31
#   G  -31 -125  100 -114
#   T -123  -31 -114   91
##matrix=axtChain 16 91,-114,-31,-123,-114,100,-125,-31,-31,-125,100,-114,-123,-31,-114,91
##gapPenalties=axtChain O=400 E=30
# lastz.v1.04.00 --output=./samples/Dper.fasta_tig00000097.lz --format=axt 
#
# hsp_threshold      = 3000
# gapped_threshold   = 3000
# x_drop             = 910
# y_drop             = 9400
# gap_open_penalty   = 400
# gap_extend_penalty = 30
#        A    C    G    T
#   A   91 -114  -31 -123
#   C -114  100 -125  -31
#   G  -31 -125  100 -114
#   T -123  -31 -114   91
##matrix=axtChain 16 91,-114,-31,-123,-114,100,-125,-31,-31,-125,100,-114,-123,-31,-114,91
##gapPenalties=axtChain O=400 E=30
# lastz.v1.04.00 --output=./samples/Dper.fasta_tig00000102.lz --format=axt 
#
# hsp_threshold      = 3000
# gapped_threshold   = 3000
# x_drop             = 910
# y_drop             = 9400
# gap_open_penalty   = 400
# gap_extend_penalty = 30
#        A    C    G    T
#   A   91 -114  -31 -123
#   C -114  100 -125  -31
#   G  -31 -125  100 -114
#   T -123  -31 -114   91
##matrix=axtChain 16 91,-114,-31,-123,-114,100,-125,-31,-31,-125,100,-114,-123,-31,-114,91
##gapPenalties=axtChain O=400 E=30
# lastz.v1.04.00 --output=./samples/Dper.fasta_tig00000119.lz --format=axt 
#
# hsp_threshold      = 3000
# gapped_threshold   = 3000
# x_drop             = 910
# y_drop             = 9400
# gap_open_penalty   = 400
# gap_extend_penalty = 30
#        A    C    G    T
#   A   91 -114  -31 -123
#   C -114  100 -125  -31
#   G  -31 -125  100 -114
#   T -123  -31 -114   91
##matrix=axtChain 16 91,-114,-31,-123,-114,100,-125,-31,-31,-125,100,-114,-123,-31,-114,91
##gapPenalties=axtChain O=400 E=30
# lastz.v1.04.00 --output=./samples/Dper.fasta_tig00000122.lz --format=axt 
#
# hsp_threshold      = 3000
# gapped_threshold   = 3000
# x_drop             = 910
# y_drop             = 9400
# gap_open_penalty   = 400
# gap_extend_penalty = 30
#        A    C    G    T
#   A   91 -114  -31 -123
#   C -114  100 -125  -31
#   G  -31 -125  100 -114
#   T -123  -31 -114   91
##matrix=axtChain 16 91,-114,-31,-123,-114,100,-125,-31,-31,-125,100,-114,-123,-31,-114,91
##gapPenalties=axtChain O=400 E=30
# lastz.v1.04.00 --output=./samples/Dper.fasta_tig00000125.lz --format=axt 
#
# hsp_threshold      = 3000
# gapped_threshold   = 3000
# x_drop             = 910
# y_drop             = 9400
# gap_open_penalty   = 400
# gap_extend_penalty = 30
#        A    C    G    T
#   A   91 -114  -31 -123
#   C -114  100 -125  -31
#   G  -31 -125  100 -114
#   T -123  -31 -114   91
##matrix=axtChain 16 91,-114,-31,-123,-114,100,-125,-31,-31,-125,100,-114,-123,-31,-114,91
##gapPenalties=axtChain O=400 E=30
# lastz.v1.04.00 --output=./samples/Dper.fasta_tig00000127.lz --format=axt 
#
# hsp_threshold      = 3000
# gapped_threshold   = 3000
# x_drop             = 910
# y_drop             = 9400
# gap_open_penalty   = 400
# gap_extend_penalty = 30
#        A    C    G    T
#   A   91 -114  -31 -123
#   C -114  100 -125  -31
#   G  -31 -125  100 -114
#   T -123  -31 -114   91
##matrix=axtChain 16 91,-114,-31,-123,-114,100,-125,-31,-31,-125,100,-114,-123,-31,-114,91
##gapPenalties=axtChain O=400 E=30
# lastz.v1.04.00 --output=./samples/Dper.fasta_tig00000129.lz --format=axt 
#
# hsp_threshold      = 3000
# gapped_threshold   = 3000
# x_drop             = 910
# y_drop             = 9400
# gap_open_penalty   = 400
# gap_extend_penalty = 30
#        A    C    G    T
#   A   91 -114  -31 -123
#   C -114  100 -125  -31
#   G  -31 -125  100 -114
#   T -123  -31 -114   91
##matrix=axtChain 16 91,-114,-31,-123,-114,100,-125,-31,-31,-125,100,-114,-123,-31,-114,91
##gapPenalties=axtChain O=400 E=30
# lastz.v1.04.00 --output=./samples/Dper.fasta_tig00000131.lz --format=axt 
#
# hsp_threshold      = 3000
# gapped_threshold   = 3000
# x_drop             = 910
# y_drop             = 9400
# gap_open_penalty   = 400
# gap_extend_penalty = 30
#        A    C    G    T
#   A   91 -114  -31 -123
#   C -114  100 -125  -31
#   G  -31 -125  100 -114
#   T -123  -31 -114   91
##matrix=axtChain 16 91,-114,-31,-123,-114,100,-125,-31,-31,-125,100,-114,-123,-31,-114,91
##gapPenalties=axtChain O=400 E=30
# lastz.v1.04.00 --output=./samples/Dper.fasta_tig00000133.lz --format=axt 
#
# hsp_threshold      = 3000
# gapped_threshold   = 3000
# x_drop             = 910
# y_drop             = 9400
# gap_open_penalty   = 400
# gap_extend_penalty = 30
#        A    C    G    T
#   A   91 -114  -31 -123
#   C -114  100 -125  -31
#   G  -31 -125  100 -114
#   T -123  -31 -114   91
##matrix=axtChain 16 91,-114,-31,-123,-114,100,-125,-31,-31,-125,100,-114,-123,-31,-114,91
##gapPenalties=axtChain O=400 E=30
# lastz.v1.04.00 --output=./samples/Dper.fasta_tig00000135.lz --format=axt 
#
# hsp_threshold      = 3000
# gapped_threshold   = 3000
# x_drop             = 910
# y_drop             = 9400
# gap_open_penalty   = 400
# gap_extend_penalty = 30
#        A    C    G    T
#   A   91 -114  -31 -123
#   C -114  100 -125  -31
#   G  -31 -125  100 -114
#   T -123  -31 -114   91
##matrix=axtChain 16 91,-114,-31,-123,-114,100,-125,-31,-31,-125,100,-114,-123,-31,-114,91
##gapPenalties=axtChain O=400 E=30
# lastz.v1.04.00 --output=./samples/Dper.fasta_tig00000137.lz --format=axt 
#
# hsp_threshold      = 3000
# gapped_threshold   = 3000
# x_drop             = 910
# y_drop             = 9400
# gap_open_penalty   = 400
# gap_extend_penalty = 30
#        A    C    G    T
#   A   91 -114  -31 -123
#   C -114  100 -125  -31
#   G  -31 -125  100 -114
#   T -123  -31 -114   91
##matrix=axtChain 16 91,-114,-31,-123,-114,100,-125,-31,-31,-125,100,-114,-123,-31,-114,91
##gapPenalties=axtChain O=400 E=30
# lastz.v1.04.00 --output=./samples/Dper.fasta_tig00000138.lz --format=axt 
#
# hsp_threshold      = 3000
# gapped_threshold   = 3000
# x_drop             = 910
# y_drop             = 9400
# gap_open_penalty   = 400
# gap_extend_penalty = 30
#        A    C    G    T
#   A   91 -114  -31 -123
#   C -114  100 -125  -31
#   G  -31 -125  100 -114
#   T -123  -31 -114   91
##matrix=axtChain 16 91,-114,-31,-123,-114,100,-125,-31,-31,-125,100,-114,-123,-31,-114,91
##gapPenalties=axtChain O=400 E=30
# lastz.v1.04.00 --output=./samples/Dper.fasta_tig00000144.lz --format=axt 
#
# hsp_threshold      = 3000
# gapped_threshold   = 3000
# x_drop             = 910
# y_drop             = 9400
# gap_open_penalty   = 400
# gap_extend_penalty = 30
#        A    C    G    T
#   A   91 -114  -31 -123
#   C -114  100 -125  -31
#   G  -31 -125  100 -114
#   T -123  -31 -114   91
##matrix=axtChain 16 91,-114,-31,-123,-114,100,-125,-31,-31,-125,100,-114,-123,-31,-114,91
##gapPenalties=axtChain O=400 E=30
# lastz.v1.04.00 --output=./samples/Dper.fasta_tig00000151.lz --format=axt 
#
# hsp_threshold      = 3000
# gapped_threshold   = 3000
# x_drop             = 910
# y_drop             = 9400
# gap_open_penalty   = 400
# gap_extend_penalty = 30
#        A    C    G    T
#   A   91 -114  -31 -123
#   C -114  100 -125  -31
#   G  -31 -125  100 -114
#   T -123  -31 -114   91
##matrix=axtChain 16 91,-114,-31,-123,-114,100,-125,-31,-31,-125,100,-114,-123,-31,-114,91
##gapPenalties=axtChain O=400 E=30
# lastz.v1.04.00 --output=./samples/Dper.fasta_tig00000153.lz --format=axt 
#
# hsp_threshold      = 3000
# gapped_threshold   = 3000
# x_drop             = 910
# y_drop             = 9400
# gap_open_penalty   = 400
# gap_extend_penalty = 30
#        A    C    G    T
#   A   91 -114  -31 -123
#   C -114  100 -125  -31
#   G  -31 -125  100 -114
#   T -123  -31 -114   91
##matrix=axtChain 16 91,-114,-31,-123,-114,100,-125,-31,-31,-125,100,-114,-123,-31,-114,91
##gapPenalties=axtChain O=400 E=30
# lastz.v1.04.00 --output=./samples/Dper.fasta_tig00000158.lz --format=axt 
#
# hsp_threshold      = 3000
# gapped_threshold   = 3000
# x_drop             = 910
# y_drop             = 9400
# gap_open_penalty   = 400
# gap_extend_penalty = 30
#        A    C    G    T
#   A   91 -114  -31 -123
#   C -114  100 -125  -31
#   G  -31 -125  100 -114
#   T -123  -31 -114   91
##matrix=axtChain 16 91,-114,-31,-123,-114,100,-125,-31,-31,-125,100,-114,-123,-31,-114,91
##gapPenalties=axtChain O=400 E=30
# lastz.v1.04.00 --output=./samples/Dper.fasta_tig00000848.lz --format=axt 
#
# hsp_threshold      = 3000
# gapped_threshold   = 3000
# x_drop             = 910
# y_drop             = 9400
# gap_open_penalty   = 400
# gap_extend_penalty = 30
#        A    C    G    T
#   A   91 -114  -31 -123
#   C -114  100 -125  -31
#   G  -31 -125  100 -114
#   T -123  -31 -114   91
##matrix=axtChain 16 91,-114,-31,-123,-114,100,-125,-31,-31,-125,100,-114,-123,-31,-114,91
##gapPenalties=axtChain O=400 E=30
# lastz.v1.04.00 --output=./samples/Dper.fasta_tig00000851.lz --format=axt 
#
# hsp_threshold      = 3000
# gapped_threshold   = 3000
# x_drop             = 910
# y_drop             = 9400
# gap_open_penalty   = 400
# gap_extend_penalty = 30
#        A    C    G    T
#   A   91 -114  -31 -123
#   C -114  100 -125  -31
#   G  -31 -125  100 -114
#   T -123  -31 -114   91
##matrix=axtChain 16 91,-114,-31,-123,-114,100,-125,-31,-31,-125,100,-114,-123,-31,-114,91
##gapPenalties=axtChain O=400 E=30
# lastz.v1.04.00 --output=./samples/Dper.fasta_tig00000852.lz --format=axt 
#
# hsp_threshold      = 3000
# gapped_threshold   = 3000
# x_drop             = 910
# y_drop             = 9400
# gap_open_penalty   = 400
# gap_extend_penalty = 30
#        A    C    G    T
#   A   91 -114  -31 -123
#   C -114  100 -125  -31
#   G  -31 -125  100 -114
#   T -123  -31 -114   91
##matrix=axtChain 16 91,-114,-31,-123,-114,100,-125,-31,-31,-125,100,-114,-123,-31,-114,91
##gapPenalties=axtChain O=400 E=30
# lastz.v1.04.00 --output=./samples/Dper.fasta_tig00000853.lz --format=axt 
#
# hsp_threshold      = 3000
# gapped_threshold   = 3000
# x_drop             = 910
# y_drop             = 9400
# gap_open_penalty   = 400
# gap_extend_penalty = 30
#        A    C    G    T
#   A   91 -114  -31 -123
#   C -114  100 -125  -31
#   G  -31 -125  100 -114
#   T -123  -31 -114   91
##matrix=axtChain 16 91,-114,-31,-123,-114,100,-125,-31,-31,-125,100,-114,-123,-31,-114,91
##gapPenalties=axtChain O=400 E=30
# lastz.v1.04.00 --output=./samples/Dper.fasta_tig00000854.lz --format=axt 
#
# hsp_threshold      = 3000
# gapped_threshold   = 3000
# x_drop             = 910
# y_drop             = 9400
# gap_open_penalty   = 400
# gap_extend_penalty = 30
#        A    C    G    T
#   A   91 -114  -31 -123
#   C -114  100 -125  -31
#   G  -31 -125  100 -114
#   T -123  -31 -114   91
##matrix=axtChain 16 91,-114,-31,-123,-114,100,-125,-31,-31,-125,100,-114,-123,-31,-114,91
##gapPenalties=axtChain O=400 E=30
# lastz.v1.04.00 --output=./samples/Dper.fasta_tig00000855.lz --format=axt 
#
# hsp_threshold      = 3000
# gapped_threshold   = 3000
# x_drop             = 910
# y_drop             = 9400
# gap_open_penalty   = 400
# gap_extend_penalty = 30
#        A    C    G    T
#   A   91 -114  -31 -123
#   C -114  100 -125  -31
#   G  -31 -125  100 -114
#   T -123  -31 -114   91
##matrix=axtChain 16 91,-114,-31,-123,-114,100,-125,-31,-31,-125,100,-114,-123,-31,-114,91
##gapPenalties=axtChain O=400 E=30
# lastz.v1.04.00 --output=./samples/Dper.fasta_tig00000857.lz --format=axt 
#
# hsp_threshold      = 3000
# gapped_threshold   = 3000
# x_drop             = 910
# y_drop             = 9400
# gap_open_penalty   = 400
# gap_extend_penalty = 30
#        A    C    G    T
#   A   91 -114  -31 -123
#   C -114  100 -125  -31
#   G  -31 -125  100 -114
#   T -123  -31 -114   91
##matrix=axtChain 16 91,-114,-31,-123,-114,100,-125,-31,-31,-125,100,-114,-123,-31,-114,91
##gapPenalties=axtChain O=400 E=30
# lastz.v1.04.00 --output=./samples/Dper.fasta_tig00000858.lz --format=axt 
#
# hsp_threshold      = 3000
# gapped_threshold   = 3000
# x_drop             = 910
# y_drop             = 9400
# gap_open_penalty   = 400
# gap_extend_penalty = 30
#        A    C    G    T
#   A   91 -114  -31 -123
#   C -114  100 -125  -31
#   G  -31 -125  100 -114
#   T -123  -31 -114   91
##matrix=axtChain 16 91,-114,-31,-123,-114,100,-125,-31,-31,-125,100,-114,-123,-31,-114,91
##gapPenalties=axtChain O=400 E=30
# lastz.v1.04.00 --output=./samples/Dper.fasta_tig00000860.lz --format=axt 
#
# hsp_threshold      = 3000
# gapped_threshold   = 3000
# x_drop             = 910
# y_drop             = 9400
# gap_open_penalty   = 400
# gap_extend_penalty = 30
#        A    C    G    T
#   A   91 -114  -31 -123
#   C -114  100 -125  -31
#   G  -31 -125  100 -114
#   T -123  -31 -114   91
##matrix=axtChain 16 91,-114,-31,-123,-114,100,-125,-31,-31,-125,100,-114,-123,-31,-114,91
##gapPenalties=axtChain O=400 E=30
# lastz.v1.04.00 --output=./samples/Dper.fasta_tig00000861.lz --format=axt 
#
# hsp_threshold      = 3000
# gapped_threshold   = 3000
# x_drop             = 910
# y_drop             = 9400
# gap_open_penalty   = 400
# gap_extend_penalty = 30
#        A    C    G    T
#   A   91 -114  -31 -123
#   C -114  100 -125  -31
#   G  -31 -125  100 -114
#   T -123  -31 -114   91
##matrix=axtChain 16 91,-114,-31,-123,-114,100,-125,-31,-31,-125,100,-114,-123,-31,-114,91
##gapPenalties=axtChain O=400 E=30
# lastz.v1.04.00 --output=./samples/Dper.fasta_tig00000863.lz --format=axt 
#
# hsp_threshold      = 3000
# gapped_threshold   = 3000
# x_drop             = 910
# y_drop             = 9400
# gap_open_penalty   = 400
# gap_extend_penalty = 30
#        A    C    G    T
#   A   91 -114  -31 -123
#   C -114  100 -125  -31
#   G  -31 -125  100 -114
#   T -123  -31 -114   91
##matrix=axtChain 16 91,-114,-31,-123,-114,100,-125,-31,-31,-125,100,-114,-123,-31,-114,91
##gapPenalties=axtChain O=400 E=30
# lastz.v1.04.00 --output=./samples/Dper.fasta_tig00000864.lz --format=axt 
#
# hsp_threshold      = 3000
# gapped_threshold   = 3000
# x_drop             = 910
# y_drop             = 9400
# gap_open_penalty   = 400
# gap_extend_penalty = 30
#        A    C    G    T
#   A   91 -114  -31 -123
#   C -114  100 -125  -31
#   G  -31 -125  100 -114
#   T -123  -31 -114   91
##matrix=axtChain 16 91,-114,-31,-123,-114,100,-125,-31,-31,-125,100,-114,-123,-31,-114,91
##gapPenalties=axtChain O=400 E=30
# lastz.v1.04.00 --output=./samples/Dper.fasta_tig00000865.lz --format=axt 
#
# hsp_threshold      = 3000
# gapped_threshold   = 3000
# x_drop             = 910
# y_drop             = 9400
# gap_open_penalty   = 400
# gap_extend_penalty = 30
#        A    C    G    T
#   A   91 -114  -31 -123
#   C -114  100 -125  -31
#   G  -31 -125  100 -114
#   T -123  -31 -114   91
##matrix=axtChain 16 91,-114,-31,-123,-114,100,-125,-31,-31,-125,100,-114,-123,-31,-114,91
##gapPenalties=axtChain O=400 E=30
# lastz.v1.04.00 --output=./samples/Dper.fasta_tig00000866.lz --format=axt 
#
# hsp_threshold      = 3000
# gapped_threshold   = 3000
# x_drop             = 910
# y_drop             = 9400
# gap_open_penalty   = 400
# gap_extend_penalty = 30
#        A    C    G    T
#   A   91 -114  -31 -123
#   C -114  100 -125  -31
#   G  -31 -125  100 -114
#   T -123  -31 -114   91
##matrix=axtChain 16 91,-114,-31,-123,-114,100,-125,-31,-31,-125,100,-114,-123,-31,-114,91
##gapPenalties=axtChain O=400 E=30
# lastz.v1.04.00 --output=./samples/Dper.fasta_tig00000867.lz --format=axt 
#
# hsp_threshold      = 3000
# gapped_threshold   = 3000
# x_drop             = 910
# y_drop             = 9400
# gap_open_penalty   = 400
# gap_extend_penalty = 30
#        A    C    G    T
#   A   91 -114  -31 -123
#   C -114  100 -125  -31
#   G  -31 -125  100 -114
#   T -123  -31 -114   91
##matrix=axtChain 16 91,-114,-31,-123,-114,100,-125,-31,-31,-125,100,-114,-123,-31,-114,91
##gapPenalties=axtChain O=400 E=30
# lastz.v1.04.00 --output=./samples/Dper.fasta_tig00000868.lz --format=axt 
#
# hsp_threshold      = 3000
# gapped_threshold   = 3000
# x_drop             = 910
# y_drop             = 9400
# gap_open_penalty   = 400
# gap_extend_penalty = 30
#        A    C    G    T
#   A   91 -114  -31 -123
#   C -114  100 -125  -31
#   G  -31 -125  100 -114
#   T -123  -31 -114   91
##matrix=axtChain 16 91,-114,-31,-123,-114,100,-125,-31,-31,-125,100,-114,-123,-31,-114,91
##gapPenalties=axtChain O=400 E=30
# lastz.v1.04.00 --output=./samples/Dper.fasta_tig00000869.lz --format=axt 
#
# hsp_threshold      = 3000
# gapped_threshold   = 3000
# x_drop             = 910
# y_drop             = 9400
# gap_open_penalty   = 400
# gap_extend_penalty = 30
#        A    C    G    T
#   A   91 -114  -31 -123
#   C -114  100 -125  -31
#   G  -31 -125  100 -114
#   T -123  -31 -114   91
##matrix=axtChain 16 91,-114,-31,-123,-114,100,-125,-31,-31,-125,100,-114,-123,-31,-114,91
##gapPenalties=axtChain O=400 E=30
# lastz.v1.04.00 --output=./samples/Dper.fasta_tig00139555.lz --format=axt 
#
# hsp_threshold      = 3000
# gapped_threshold   = 3000
# x_drop             = 910
# y_drop             = 9400
# gap_open_penalty   = 400
# gap_extend_penalty = 30
#        A    C    G    T
#   A   91 -114  -31 -123
#   C -114  100 -125  -31
#   G  -31 -125  100 -114
#   T -123  -31 -114   91
##matrix=axtChain 16 91,-114,-31,-123,-114,100,-125,-31,-31,-125,100,-114,-123,-31,-114,91
##gapPenalties=axtChain O=400 E=30
# lastz.v1.04.00 --output=./samples/Dper.fasta_tig00139557.lz --format=axt 
#
# hsp_threshold      = 3000
# gapped_threshold   = 3000
# x_drop             = 910
# y_drop             = 9400
# gap_open_penalty   = 400
# gap_extend_penalty = 30
#        A    C    G    T
#   A   91 -114  -31 -123
#   C -114  100 -125  -31
#   G  -31 -125  100 -114
#   T -123  -31 -114   91
##matrix=axtChain 16 91,-114,-31,-123,-114,100,-125,-31,-31,-125,100,-114,-123,-31,-114,91
##gapPenalties=axtChain O=400 E=30
# lastz.v1.04.00 --output=./samples/Dper.fasta_tig00139558.lz --format=axt 
#
# hsp_threshold      = 3000
# gapped_threshold   = 3000
# x_drop             = 910
# y_drop             = 9400
# gap_open_penalty   = 400
# gap_extend_penalty = 30
#        A    C    G    T
#   A   91 -114  -31 -123
#   C -114  100 -125  -31
#   G  -31 -125  100 -114
#   T -123  -31 -114   91
##matrix=axtChain 16 91,-114,-31,-123,-114,100,-125,-31,-31,-125,100,-114,-123,-31,-114,91
##gapPenalties=axtChain O=400 E=30
# lastz.v1.04.00 --output=./samples/Dper.fasta_tig00139559.lz --format=axt 
#
# hsp_threshold      = 3000
# gapped_threshold   = 3000
# x_drop             = 910
# y_drop             = 9400
# gap_open_penalty   = 400
# gap_extend_penalty = 30
#        A    C    G    T
#   A   91 -114  -31 -123
#   C -114  100 -125  -31
#   G  -31 -125  100 -114
#   T -123  -31 -114   91
##matrix=axtChain 16 91,-114,-31,-123,-114,100,-125,-31,-31,-125,100,-114,-123,-31,-114,91
##gapPenalties=axtChain O=400 E=30
# lastz.v1.04.00 --output=./samples/Dper.fasta_tig00139560.lz --format=axt 
#
# hsp_threshold      = 3000
# gapped_threshold   = 3000
# x_drop             = 910
# y_drop             = 9400
# gap_open_penalty   = 400
# gap_extend_penalty = 30
#        A    C    G    T
#   A   91 -114  -31 -123
#   C -114  100 -125  -31
#   G  -31 -125  100 -114
#   T -123  -31 -114   91
##matrix=axtChain 16 91,-114,-31,-123,-114,100,-125,-31,-31,-125,100,-114,-123,-31,-114,91
##gapPenalties=axtChain O=400 E=30
# lastz.v1.04.00 --output=./samples/Dper.fasta_tig00139561.lz --format=axt 
#
# hsp_threshold      = 3000
# gapped_threshold   = 3000
# x_drop             = 910
# y_drop             = 9400
# gap_open_penalty   = 400
# gap_extend_penalty = 30
#        A    C    G    T
#   A   91 -114  -31 -123
#   C -114  100 -125  -31
#   G  -31 -125  100 -114
#   T -123  -31 -114   91
##matrix=axtChain 16 91,-114,-31,-123,-114,100,-125,-31,-31,-125,100,-114,-123,-31,-114,91
##gapPenalties=axtChain O=400 E=30
# lastz.v1.04.00 --output=./samples/Dper.fasta_tig00139562.lz --format=axt 
#
# hsp_threshold      = 3000
# gapped_threshold   = 3000
# x_drop             = 910
# y_drop             = 9400
# gap_open_penalty   = 400
# gap_extend_penalty = 30
#        A    C    G    T
#   A   91 -114  -31 -123
#   C -114  100 -125  -31
#   G  -31 -125  100 -114
#   T -123  -31 -114   91
##matrix=axtChain 16 91,-114,-31,-123,-114,100,-125,-31,-31,-125,100,-114,-123,-31,-114,91
##gapPenalties=axtChain O=400 E=30
# lastz.v1.04.00 --output=./samples/Dper.fasta_tig00139564.lz --format=axt 
#
# hsp_threshold      = 3000
# gapped_threshold   = 3000
# x_drop             = 910
# y_drop             = 9400
# gap_open_penalty   = 400
# gap_extend_penalty = 30
#        A    C    G    T
#   A   91 -114  -31 -123
#   C -114  100 -125  -31
#   G  -31 -125  100 -114
#   T -123  -31 -114   91
##matrix=axtChain 16 91,-114,-31,-123,-114,100,-125,-31,-31,-125,100,-114,-123,-31,-114,91
##gapPenalties=axtChain O=400 E=30
# lastz.v1.04.00 --output=./samples/Dper.fasta_tig00139565.lz --format=axt 
#
# hsp_threshold      = 3000
# gapped_threshold   = 3000
# x_drop             = 910
# y_drop             = 9400
# gap_open_penalty   = 400
# gap_extend_penalty = 30
#        A    C    G    T
#   A   91 -114  -31 -123
#   C -114  100 -125  -31
#   G  -31 -125  100 -114
#   T -123  -31 -114   91
##matrix=axtChain 16 91,-114,-31,-123,-114,100,-125,-31,-31,-125,100,-114,-123,-31,-114,91
##gapPenalties=axtChain O=400 E=30
# lastz.v1.04.00 --output=./samples/Dper.fasta_tig00139566.lz --format=axt 
#
# hsp_threshold      = 3000
# gapped_threshold   = 3000
# x_drop             = 910
# y_drop             = 9400
# gap_open_penalty   = 400
# gap_extend_penalty = 30
#        A    C    G    T
#   A   91 -114  -31 -123
#   C -114  100 -125  -31
#   G  -31 -125  100 -114
#   T -123  -31 -114   91
##matrix=axtChain 16 91,-114,-31,-123,-114,100,-125,-31,-31,-125,100,-114,-123,-31,-114,91
##gapPenalties=axtChain O=400 E=30
# lastz.v1.04.00 --output=./samples/Dper.fasta_tig00139567.lz --format=axt 
#
# hsp_threshold      = 3000
# gapped_threshold   = 3000
# x_drop             = 910
# y_drop             = 9400
# gap_open_penalty   = 400
# gap_extend_penalty = 30
#        A    C    G    T
#   A   91 -114  -31 -123
#   C -114  100 -125  -31
#   G  -31 -125  100 -114
#   T -123  -31 -114   91
##matrix=axtChain 16 91,-114,-31,-123,-114,100,-125,-31,-31,-125,100,-114,-123,-31,-114,91
##gapPenalties=axtChain O=400 E=30
# lastz.v1.04.00 --output=./samples/Dper.fasta_tig00139569.lz --format=axt 
#
# hsp_threshold      = 3000
# gapped_threshold   = 3000
# x_drop             = 910
# y_drop             = 9400
# gap_open_penalty   = 400
# gap_extend_penalty = 30
#        A    C    G    T
#   A   91 -114  -31 -123
#   C -114  100 -125  -31
#   G  -31 -125  100 -114
#   T -123  -31 -114   91
##matrix=axtChain 16 91,-114,-31,-123,-114,100,-125,-31,-31,-125,100,-114,-123,-31,-114,91
##gapPenalties=axtChain O=400 E=30
# lastz.v1.04.00 --output=./samples/Dper.fasta_tig00139570.lz --format=axt 
#
# hsp_threshold      = 3000
# gapped_threshold   = 3000
# x_drop             = 910
# y_drop             = 9400
# gap_open_penalty   = 400
# gap_extend_penalty = 30
#        A    C    G    T
#   A   91 -114  -31 -123
#   C -114  100 -125  -31
#   G  -31 -125  100 -114
#   T -123  -31 -114   91
##matrix=axtChain 16 91,-114,-31,-123,-114,100,-125,-31,-31,-125,100,-114,-123,-31,-114,91
##gapPenalties=axtChain O=400 E=30
# lastz.v1.04.00 --output=./samples/Dper.fasta_tig00139571.lz --format=axt 
#
# hsp_threshold      = 3000
# gapped_threshold   = 3000
# x_drop             = 910
# y_drop             = 9400
# gap_open_penalty   = 400
# gap_extend_penalty = 30
#        A    C    G    T
#   A   91 -114  -31 -123
#   C -114  100 -125  -31
#   G  -31 -125  100 -114
#   T -123  -31 -114   91
##matrix=axtChain 16 91,-114,-31,-123,-114,100,-125,-31,-31,-125,100,-114,-123,-31,-114,91
##gapPenalties=axtChain O=400 E=30
# lastz.v1.04.00 --output=./samples/Dper.fasta_XL.lz --format=axt 
#
# hsp_threshold      = 3000
# gapped_threshold   = 3000
# x_drop             = 910
# y_drop             = 9400
# gap_open_penalty   = 400
# gap_extend_penalty = 30
#        A    C    G    T
#   A   91 -114  -31 -123
#   C -114  100 -125  -31
#   G  -31 -125  100 -114
#   T -123  -31 -114   91
##matrix=axtChain 16 91,-114,-31,-123,-114,100,-125,-31,-31,-125,100,-114,-123,-31,-114,91
##gapPenalties=axtChain O=400 E=30
# lastz.v1.04.00 --output=./samples/Dper.fasta_XR.lz --format=axt 
#
# hsp_threshold      = 3000
# gapped_threshold   = 3000
# x_drop             = 910
# y_drop             = 9400
# gap_open_penalty   = 400
# gap_extend_penalty = 30
#        A    C    G    T
#   A   91 -114  -31 -123
#   C -114  100 -125  -31
#   G  -31 -125  100 -114
#   T -123  -31 -114   91
net tig00000002 82927
 fill 0 82927 utg000029l + 3049757 80829 id 93 score 7336551 ali 79891 qDup 80825 type top
  gap 22889 467 utg000029l + 3072699 0
   fill 23316 37 utg000029l + 3073123 37 id 38480576 score 3326 ali 37 qOver 0 qFar 424 qDup 37 type syn
  gap 30399 34 utg000029l + 3079786 0
  gap 36356 1670 utg000029l + 3085825 4
  gap 39288 38 utg000029l + 3087090 0
  gap 42122 27 utg000029l + 3089901 0
  gap 44441 27 utg000029l + 3092180 0
  gap 62801 36 utg000029l + 3110549 0
net Chr2 32422566
 fill 366 236 utg000239l + 3833568 244 id 10860704 score 12058 ali 235 qDup 244 type top
 fill 792 164 utg000270l + 16542 183 id 559056 score 10850 ali 161 qDup 146 type top
 fill 956 223 utg000320c + 22125 450 id 475157 score 16343 ali 222 qDup 450 type top
 fill 1179 4873 utg000320c + 13428 4097 id 31926 score 281807 ali 3924 qDup 4097 type top
  gap 1840 34 utg000320c + 14106 0
  gap 3582 129 utg000320c + 15743 0
   fill 3582 111 utg000160l - 65040 112 id 119541 score 7205 ali 111 qDup 112 type nonSyn
  gap 4209 127 utg000320c + 16202 0
   fill 4209 127 utg000160l - 73549 118 id 73470 score 7898 ali 118 qDup 118 type nonSyn
  gap 4345 45 utg000320c + 16211 0
   fill 4345 45 utg000160l - 73495 45 id 73470 score 3012 ali 45 qDup 45 type nonSyn
  gap 4396 83 utg000320c + 16217 0
   fill 4396 83 utg000160l - 73334 155 id 73470 score 5556 ali 83 qDup 155 type nonSyn
  gap 5689 314 utg000320c + 17515 0
   fill 5689 314 utg000160l - 62611 339 id 119541 score 17461 ali 269 qDup 330 type nonSyn
  gap 6010 39 utg000320c + 17522 0
   fill 6010 39 utg000160l - 62565 39 id 119541 score 2532 ali 39 qDup 39 type nonSyn
 fill 6052 20217 utg000320c + 13314 13582 id 28838 score 952584 ali 13164 qDup 13582 type top
  gap 7716 85 utg000320c + 14965 0
   fill 7768 33 utg000160l - 74847 33 id 33045534 score 2555 ali 33 qDup 33 type nonSyn
  gap 7830 109 utg000320c + 14994 0
   fill 7866 73 utg000320c + 28548 52 id 548115 score 3678 ali 51 qOver 0 qFar 13554 qDup 52 type syn
  gap 7952 59 utg000320c + 15005 0
   fill 7970 41 utg000320c + 19180 41 id 31926 score 2944 ali 41 qOver 0 qFar 4175 qDup 41 type syn
  gap 9225 105 utg000320c + 16194 0
   fill 9225 105 utg000320c + 20439 105 id 31926 score 7541 ali 105 qOver 0 qFar 4245 qDup 105 type syn
  gap 9353 159 utg000320c + 16217 0
   fill 9353 159 utg000320c + 20567 159 id 31926 score 11419 ali 159 qOver 0 qFar 4350 qDup 159 type syn
  gap 10740 423 utg000320c + 17524 0
   fill 10740 423 utg000320c + 22035 423 id 31926 score 30235 ali 421 qOver 0 qFar 4511 qDup 423 type syn
  gap 12024 31 utg000320c + 18380 0
   fill 12024 31 utg000320c + 23288 31 id 31926 score 2226 ali 31 qOver 0 qFar 4908 qDup 31 type syn
  gap 12861 255 utg000320c + 19180 0
   fill 12861 67 utg000320c + 24131 41 id 31926 score 2944 ali 41 qOver 0 qFar 4951 qDup 41 type syn
   fill 12947 151 utg000320c + 14965 40 id 76927 score 2965 ali 40 qOver 0 qFar 4175 qDup 40 type syn
    gap 12976 109 utg000320c + 14994 0
     fill 12999 63 utg000209l + 60728 61 id 331062 score 2429 ali 60 qDup 0 type nonSyn
  gap 16559 25 utg000320c + 22705 0
  gap 20236 5036 utg000320c + 26282 0
   fill 20236 3138 utg000320c + 30611 2620 id 31926 score 178391 ali 2484 qOver 0 qFar 4329 qDup 2620 type syn
    gap 20769 422 utg000320c + 31195 0
     fill 20769 422 utg000176l + 4714 351 id 261146 score 24566 ali 351 qDup 351 type nonSyn
      gap 20959 70 utg000176l + 4903 0
    gap 22045 31 utg000320c + 32049 0
     fill 22045 31 utg000160l - 38171 31 id 73470 score 2075 ali 31 qDup 31 type nonSyn
    gap 22897 85 utg000320c + 32867 0
     fill 22933 49 utg000160l - 74831 49 id 72393 score 3287 ali 49 qDup 49 type nonSyn
